0	-0.0200319319037 -1.00349673851 0.230444744708
1	0.208990641308 -0.381645478751 -0.525893785137
2	0.0234804763773 0.187545336121 -0.95939630315
3	1.00336894618 -3.09797707196 -0.576278646499
4	1.57611157047 -1.24082078594 1.51068291255
5	0.424190797563 0.393407739763 -1.30738977819
6	-1.13053793987 0.207489365469 -0.707838529976
7	0.297820702988 0.559257837761 -1.76902157608
8	0.737047865982 -0.215743200717 -0.99008377044
9	1.29739691602 -1.23971683945 0.567288231723
10	0.715088626407 -1.25877843746 0.554146513941
11	-0.60569329214 1.13684174423 0.554169518779
12	-1.61731738686 0.0531705183178 0.143788428708
13	-2.41769495908 -2.61126408164 0.780320493708
14	1.32476255388 0.422660059649 1.12328498093
15	-1.38561363002 -0.984528969687 -0.331041873817
16	0.818417838841 1.1327738607 -0.917583557496
17	0.323191091226 0.934748902013 -0.0603818165624
18	0.973302909602 0.868987962078 1.48514921316
19	0.0414409862257 0.714827400572 -1.31616069789
20	0.436135534315 1.12256290359 -0.560048557114
21	-0.141561647298 -0.645436036578 -1.38997655367
22	-1.92956191542 0.286390672658 0.82033130313
23	-0.215000668106 -1.65359459044 0.372444034622
24	1.64329618448 1.39627196284 -1.38876265226
25	0.0798449570663 -0.201392773019 0.356271288066
26	-0.321921981471 1.1197204592 -0.190871962961
27	0.897883884863 0.487320264168 -0.303696468912
28	-0.821745961006 -2.15228788166 -0.3653022042
29	-1.30387914806 -1.92733673132 1.65739791103
30	-0.0577829127185 0.606040027667 1.50483376156
31	0.0856918268502 -0.230140959882 -0.890943839468
32	0.0290447285948 1.10865758819 0.443432083675
33	0.22482587006 -1.07186591248 0.399158466692
34	-1.68086943038 -0.401627849166 -0.161890435538
35	0.233539510588 -0.362560549544 -1.39733078071
36	1.11535436812 -0.686761051978 0.287032338845
37	-0.604261516784 -2.33301655153 0.17893234964
38	1.53001242671 0.552350025501 -0.949601628943
39	-1.19978924235 1.44790729104 -1.42533699215
40	-0.0589317933538 1.04424113132 0.676897138415
41	0.624220568532 -0.618785154358 1.37790509907
42	-1.86454388172 1.09591499283 0.445101897678
43	-0.592769599854 0.712088121281 0.393397080945
44	1.29088069948 -0.804636978669 0.494832777597
45	1.0633364267 -0.585594859876 0.100407883898
46	2.2849604385 0.127067678407 -0.56242900109
47	1.59137268884 -0.513803554964 -0.387434501123
48	-0.325070902897 -1.41947828819 1.12072926347
49	-0.159818306253 1.40408763693 1.12881111235
50	-0.877029870364 -1.11228246393 1.00236536378
51	-1.37115916946 0.256001423974 -1.12484448551
52	0.333302947898 -0.650236211112 0.724399529242
53	-1.16420122826 -0.668292700462 -1.9424370197
54	0.0605108765183 0.498117432926 0.723016087376
55	-0.00381712175339 0.297530034328 -1.00464213889
56	1.16771503595 -0.368190972923 -1.44677405082
57	1.22010184348 0.61746893053 0.50035896462
58	-0.742755050722 -1.32217477599 -0.393503319135
59	0.00759117904963 -2.20148414083 -0.651538532069
60	0.291613733912 0.820192986309 -1.74565289888
61	-0.368559314862 -0.448047189812 -1.08039959301
62	-1.45840463573 1.26969900296 -0.957134019138
63	0.188439239552 -0.981653265741 -0.452027288158
64	-1.06559564528 1.29145862568 -0.483783939692
65	-0.445777815302 -0.355413004372 0.309540342734
66	1.18546885335 0.721909677919 2.19301030986
67	0.515018853191 -0.862984641325 -0.601601208508
68	1.402934308 -1.3459140857 1.09435474982
69	0.0359669824223 2.37465726862 -0.780282604802
70	-1.56649263304 1.80473162141 -0.676311538012
71	-0.918722535095 -0.163554323223 0.25987642317
72	0.677262867163 -0.546980343512 -0.217544227928
73	-0.411255420828 -0.766854843492 0.277330090808
74	-2.68829684154 1.25158689025 0.234440773319
75	-1.21844265462 -0.173106035609 0.460502048835
76	-0.736484878581 -0.247050901159 0.59088894048
77	0.384345331123 0.428385214172 -1.53966227828
78	0.069705597714 1.00257213002 -0.693076173202
79	1.46597174133 -0.683314740325 -1.44581576671
80	0.367720750078 0.135166167536 -0.185755893332
81	0.117356919688 -0.282805563222 -1.57658420766
82	1.00141326903 -0.496905925976 -0.0928951734546
83	-0.437560956892 0.315292457533 1.18538288531
84	1.61331743605 -0.0178600404384 0.609609107364
85	1.21199705392 -0.961221455002 0.205366862791
86	-0.473062346615 0.443283155072 -0.329505127057
87	0.136595404826 -1.23606912174 -0.093575405637
88	-0.169013333221 -0.0979046074899 -0.668278355704
89	0.283583974863 -0.449781386542 -2.12514293386
90	-2.89093674068 -0.947146776921 0.418019886403
91	-1.56888048466 0.332425145024 -1.78936478091
92	0.20861964991 1.51840550413 0.128975761952
93	-0.285342359008 0.274503931143 -0.305832895692
94	1.11500197341 0.367932514147 0.143940487894
95	0.610920139032 1.32883257607 -0.642881990236
96	-0.808191221252 -0.0329598584832 -1.91020577166
97	0.430074382448 -0.867708229159 -0.296832484318
98	-0.0563859302839 -1.78284259764 -0.402280428848
99	0.579967582353 -2.77910467327 1.83569586364
